PROJ4_STRING              : +proj=longlat +datum=WGS84 +no_defs
COMENT1                   : Automatic Generated Grid Data File
COMENT2                   : Based On C:\Baroclinico_2011\GeneralData\Bathymetry\MALHA_IST_CMEMS_L01_v03.dat
LATITUDE                  : -23.03149667
LONGITUDE                 : -44.138800014
COORD_TIP                 : 4
ILB_IUB                   : 1 70
JLB_JUB                   : 1 95
ORIGIN                    : -44.79166 -24.0416
GRID_ANGLE                : 0
<BeginXX>
0
0.016666001
0.033332001
0.049998
0.066664003
0.083330005
0.099996008
0.116662
0.133328
0.149994
0.16666
0.183326
0.199992
0.216658
0.233324
0.24999
0.266656
0.283322
0.299988
0.316654
0.33332
0.349986
0.366652
0.3833179
0.3999839
0.4166499
0.4333159
0.4499819
0.4666479
0.4833139
0.4999799
0.5166459
0.5333119
0.5499779
0.5666439
0.5833099
0.5999759
0.6166419
0.6333079
0.6499739
0.6666399
0.6833059
0.6999719
0.7166378
0.7333038
0.7499698
0.7666358
0.7833018
0.7999678
0.8166338
0.8332998
0.8499658
0.8666318
0.8832978
0.8999638
0.9166298
0.9332958
0.9499618
0.9666278
0.9832938
0.9999598
1.016626
1.033292
1.049958
1.066624
1.08329
1.099956
1.116622
1.133288
1.149954
1.16662
1.183286
1.199952
1.216618
1.233284
1.249951
1.266617
1.283283
1.299949
1.316615
1.333281
1.349947
1.366613
1.383279
1.399945
1.416611
1.433277
1.449943
1.466609
1.483275
1.499941
1.516607
1.533273
1.54994
1.566606
1.583272
<EndXX>
<BeginYY>
0
0.016666001
0.033332001
0.049998
0.066664003
0.083330005
0.099996008
0.116662
0.133328
0.149994
0.16666
0.183326
0.199992
0.216658
0.233324
0.24999
0.266656
0.283322
0.299988
0.316654
0.33332
0.349986
0.366652
0.3833179
0.3999839
0.4166499
0.4333159
0.4499819
0.4666479
0.4833139
0.4999799
0.5166459
0.5333119
0.5499779
0.5666439
0.5833099
0.5999759
0.6166419
0.6333079
0.6499739
0.6666399
0.6833059
0.6999719
0.7166378
0.7333038
0.7499698
0.7666358
0.7833018
0.7999678
0.8166338
0.8332998
0.8499658
0.8666318
0.8832978
0.8999638
0.9166298
0.9332958
0.9499618
0.9666278
0.9832938
0.9999598
1.016626
1.033292
1.049958
1.066624
1.08329
1.099956
1.116622
1.133288
1.149954
1.16662
<EndYY>
FILL_VALUE                : -99
<BeginGridData2D>
77.89479
79.19827
80.84435
82.74498
84.22155
84.39
89.3289
92.28306
95.28898
96.79832
96.10175
92.55445
93.02477
100.26
109.6908
115.7942
119.19
125.2845
129.4106
131.5403
131.9289
130.5252
132.0919
133.1494
132.4696
131.3962
131.3968
133.4833
134.593
134.6447
133.067
130.6439
128.8091
127.4341
125.9924
126.0902
128.9023
132.9437
137.8326
139.9668
137.9399
131.1068
127.0274
125.6237
125.1655
125.2619
127.2806
131.7335
133.0408
129.7894
133.4512
138.0447
139.8925
140.1588
139.215
138.0437
136.482
134.7915
132.7056
131.5435
132.5213
136.1976
141.9314
148.7547
155.0262
158.6865
156.6623
150.9974
142.1251
138.9686
137.6449
133.6945
133.2098
138.05
141.106
142.14
148.824
148.0675
142.14
142.14
142.14
153.1445
159.5034
166.5438
169.56
169.56
169.56
169.56
169.56
186.0444
197.0051
202.69
202.69
234.5759
234.5759
76.35815
77.55895
79.54524
81.33463
83.18395
84.39
87.73227
90.23859
92.42397
92.09062
91.20453
89.03558
84.39
92.50062
98.79936
100.26
110.8969
118.0305
119.19
126.0244
128.2529
129.3698
134.3428
136.4542
136.1023
134.6613
132.6857
133.198
133.3251
131.8187
130.0879
127.7844
126.3018
124.9578
123.9202
123.9645
125.2788
127.8085
132.1862
133.7624
131.2102
119.19
119.19
119.19
118.9658
117.4808
119.19
119.19
128.8603
132.1037
132.9608
134.887
138.164
139.0901
137.8139
137.4031
136.2072
134.219
131.2178
128.7906
127.4379
128.5932
132.7509
138.3537
142.14
142.14
142.14
142.14
139.6736
136.51
133.5934
128.7463
130.3716
134.4786
136.9071
140.7888
142.14
142.14
140.0094
137.771
138.741
142.14
150.9175
157.9085
162.3268
164.0989
164.046
164.4131
168.1012
169.56
169.56
189.7366
197.2141
202.69
223.3808
76.88062
77.85509
78.47736
79.91036
81.844
84.39
84.39
88.17237
89.0065
88.78678
87.88985
84.39
82.53014
80.3719
80.51651
84.39
94.19025
100.26
112.4676
118.6985
124.2412
129.1001
136.0846
138.9273
137.9027
135.2464
132.1469
131.3307
130.887
130.6869
130.0718
127.4882
125.1956
119.19
119.19
119.19
124.1562
125.4487
126.9333
126.5731
119.19
119.0745
116.0225
118.7932
116.41
110.726
112.1833
117.3821
119.19
129.6722
133.823
133.2002
136.8778
137.0947
134.5006
136.5334
135.8403
133.7836
131.1114
128.1844
126.6704
125.7591
128.2911
131.5356
136.5138
139.8091
140.9966
139.2719
136.138
133.6633
130.4572
119.19
127.1365
132.4234
134.6872
136.019
137.3517
137.2242
135.0288
131.9194
131.4865
135.5548
142.14
150.7699
155.2102
158.3518
159.1199
160.125
163.8627
168.4486
169.56
169.56
169.56
186.737
198.0947
77.45009
78.1103
77.69201
78.25556
79.74183
82.48063
84.25993
84.39
84.39
84.39
84.39
83.31661
80.33102
71.31
71.31
71.31
78.90456
84.39
100.26
111.1191
119.1601
125.2714
131.1511
133.909
133.3347
131.3494
129.625
129.2961
128.8729
128.9682
129.0799
128.1973
125.556
124.2095
119.19
119.19
119.19
119.19
119.19
119.19
116.4567
114.7988
114.9425
116.9175
113.147
100.26
106.2292
111.7464
118.1438
125.4417
129.8606
131.8293
133.9761
135.9152
135.2952
136.1267
135.7904
133.7106
131.4079
128.8786
127.2329
126.3592
127.7664
130.5647
134.1302
136.9341
137.3845
136.293
133.9687
132.2536
128.978
119.19
126.2855
129.2671
132.2529
133.5842
134.3377
133.8985
132.0218
129.737
130.0322
132.7745
138.4376
142.14
142.14
152.1857
154.2665
157.6381
162.0786
165.4758
167.0479
169.2133
167.9279
169.5042
169.56
77.5446
78.68769
77.89822
76.953
78.10714
80.16257
81.13955
81.8091
82.67709
83.66393
83.40488
81.7722
79.22912
71.31
71.31
68.48748
69.9707
79.19042
84.39
100.26
113.304
118.8688
119.19
126.8657
127.1169
119.19
124.54
125.4516
125.7781
125.7972
126.3919
125.1243
124.2733
124.1411
119.19
119.19
119.19
118.3768
117.1974
115.4627
113.0369
113.329
114.2679
114.8274
111.5575
100.26
100.26
100.26
113.8521
119.19
126.4356
129.5857
131.6921
133.9127
135.5984
135.916
135.7115
134.1629
131.679
129.5663
127.9739
127.0538
128.0898
130.5461
134.1751
137.1326
137.3212
135.7743
133.334
131.26
128.6176
125.6089
126.1607
128.1687
130.0676
131.9044
132.1022
131.8044
130.5747
129.2923
129.6808
130.9039
134.1982
138.3757
142.14
142.14
150.3317
155.0801
159.3823
161.4231
161.2267
159.8176
156.4602
142.14
162.8875
76.9271
78.75766
78.85738
77.98483
77.25986
78.98452
79.61256
80.07965
80.66454
81.2533
81.28119
80.91074
79.17834
77.13296
74.47967
71.31
71.15259
78.90094
84.39
98.66731
100.26
112.202
115.9973
117.795
118.6757
117.6534
119.19
119.19
119.19
119.19
119.19
119.19
119.19
119.19
119.19
119.19
118.7671
116.9654
115.7306
114.6707
114.0282
114.0397
113.7372
113.3174
111.25
100.26
100.26
105.7606
100.26
117.7094
119.19
126.6309
129.9543
132.3394
133.7692
134.3952
134.7958
134.4901
132.4903
130.5712
129.3674
128.4633
129.5657
131.9606
135.7517
138.2599
139.1058
137.442
133.6812
130.4785
127.8524
126.4401
127.1717
127.2353
128.0569
129.9449
130.9015
130.9062
130.2672
129.3194
129.538
130.0905
131.7296
134.5497
138.0552
141.7655
142.14
150.3625
154.7343
156.1615
156.1582
152.8313
142.14
142.14
154.0173
76.55079
77.02248
77.70792
77.47697
77.26305
77.40782
77.58851
77.97234
78.70606
79.29836
79.75264
80.01496
79.43045
78.42773
76.75915
71.31
75.76039
71.31
84.39
95.00806
99.91832
100.26
109.1856
111.2583
113.3415
112.4556
114.7377
117.0895
118.0699
118.3344
118.4253
118.4099
118.401
118.3051
117.566
117.3294
117.3056
116.2664
115.0695
113.9929
113.3713
113.515
113.3219
112.8377
111.7408
100.26
104.6732
105.1842
109.6151
114.9673
119.19
124.8204
128.3923
131.078
132.8378
133.3029
133.4272
133.6949
133.0417
131.2233
130.1358
129.5847
130.2936
132.4382
136.3741
138.8708
140.5166
138.5436
133.7488
129.7245
127.6751
126.4897
126.9016
126.9392
126.8049
128.1785
129.6369
130.7113
131.101
130.4074
129.9289
129.3766
129.4479
130.9427
133.9485
137.5441
141.0802
142.14
149.3535
151.2886
151.6467
148.072
142.14
142.14
152.3862
75.34644
74.60217
75.28934
76.18117
76.68398
76.59049
76.24251
76.28647
76.87146
77.60655
78.21671
78.9778
79.25764
79.26665
78.62624
79.00257
79.9804
81.8852
84.39
92.56151
97.06916
99.95869
100.26
100.26
100.26
107.5065
110.654
112.7682
114.1059
114.5883
114.3667
114.3912
114.21
113.9433
113.5775
114.3022
115.2643
115.1372
114.3335
113.5591
112.9225
112.9379
112.9635
112.7021
112.3897
108.554
104.6738
105.0622
109.0081
113.429
118.5584
119.19
126.7261
130.1398
131.9462
132.5568
132.0161
132.2529
131.6577
130.993
130.6004
130.0934
130.4311
132.0152
136.1288
138.5273
140.9292
138.1824
133.9187
129.5654
127.5774
126.5158
126.6477
127.1716
125.9131
126.2932
128.0577
130.0577
131.9243
131.9499
130.8566
128.8645
127.6192
128.0913
130.1621
133.299
137.1054
141.0722
142.14
142.14
142.14
142.14
142.14
142.14
150.5895
74.29227
71.31
71.31
74.95222
76.93302
77.65565
71.31
71.31
75.89703
75.70433
76.36044
77.22583
77.95429
78.7336
79.40713
80.7304
82.28809
83.74567
84.39
89.63232
93.23071
96.69611
98.33418
98.53432
100.26
100.26
106.0562
107.9161
109.3736
110.2831
110.1175
110.049
109.5927
109.3619
109.9954
112.2079
113.3625
113.7358
113.4056
112.8491
112.5532
112.6867
112.2219
111.8554
111.6134
109.2713
107.393
107.8531
109.4758
112.588
117.1077
119.19
125.8362
129.3635
131.2997
131.2955
129.8608
129.0186
128.8595
129.2137
129.7325
129.9041
130.5557
131.6426
135.0054
137.6739
139.0155
136.9263
132.6485
128.9874
127.7909
126.8431
126.5573
126.0083
124.3522
124.5846
126.3245
128.7034
131.5099
132.4559
131.0754
128.4146
126.4013
124.2042
124.6763
129.5294
133.9207
137.182
139.942
141.3686
141.6666
141.422
142.14
142.14
148.9513
71.31
71.31
71.31
75.22398
77.69083
79.705
80.09433
78.79403
76.32359
71.31
71.31
71.31
76.13706
77.54218
78.87392
80.56528
82.42992
83.64087
84.39
84.39
89.81014
92.46534
94.17345
95.02321
97.98
100.0997
100.26
100.26
100.26
105.9268
106.1109
105.6163
100.26
100.26
107.4889
110.6522
111.3331
111.7399
111.8167
111.7355
111.6733
111.7785
111.6784
111.3854
111.3494
110.8866
110.1146
110.2125
111.1538
112.5664
115.7976
119.19
124.2201
128.1794
130.1733
129.979
127.618
119.19
125.4745
126.1894
127.0849
128.6467
130.0331
130.7817
132.4975
134.0059
134.6332
132.9411
129.6257
127.6783
127.4009
126.3395
125.6067
124.2456
119.19
119.19
125.2528
127.1108
130.0553
131.8865
131.1768
128.7626
124.3077
124.2893
124.4179
119.19
131.8106
134.4196
136.1587
137.5959
139.045
139.2769
141.6811
142.14
148.972
71.31
70.91626
71.31
71.31
77.08132
79.50176
79.83831
79.86813
76.99717
71.31
71.31
71.31
71.31
75.72874
77.69485
79.64616
81.36738
82.75645
83.96227
84.39
84.39
89.67681
90.94596
92.58761
94.4698
95.91931
96.84223
97.85594
100.0643
100.26
100.26
100.26
100.26
100.26
104.9103
107.3557
108.6278
109.5104
110.0386
110.1326
110.4708
110.7129
110.9988
111.2128
111.3129
111.6112
111.5499
111.548
111.7807
112.2062
114.3612
117.9902
119.19
125.2839
127.7557
128.2955
125.873
119.19
119.19
119.19
119.19
124.8113
126.5112
127.2259
127.8771
129.2843
129.6656
128.5692
126.4101
125.5811
125.7633
125.2356
124.2265
119.19
119.19
119.19
119.19
125.3179
128.119
130.932
131.8494
130.6449
119.19
119.19
126.9123
127.8753
130.5286
132.2393
133.2046
134.6295
136.6532
137.7026
140.7777
142.14
148.8402
70.15804
69.89889
70.47062
71.31
71.31
76.81937
79.00088
78.93262
76.90461
71.31
71.03958
70.19123
71.06
71.31
75.65859
77.91807
79.48675
80.59999
81.98176
83.09376
84.39
87.73011
89.48873
90.43608
91.75464
93.01664
93.99529
95.04689
96.14906
97.06609
97.20874
97.58094
98.63361
99.9449
100.26
104.2501
105.9002
107.1721
107.687
108.1484
108.8683
109.3547
109.8005
110.133
110.4698
110.5284
110.964
111.418
111.665
111.9997
113.2487
115.6022
118.347
119.19
124.3264
125.4584
123.8494
119.19
119.0291
119.1712
119.19
119.19
119.19
119.19
119.19
125.0847
125.4094
119.19
123.9307
119.19
124.0533
123.7946
119.19
119.19
119.19
119.19
119.19
119.19
127.0991
130.7534
133.5763
133.894
132.4995
130.8752
129.5715
128.785
129.57
130.7278
131.4197
132.4302
133.833
136.045
139.1553
142.14
142.14
68.04366
67.45348
67.62841
68.16814
69.12542
71.31
75.6562
76.56214
75.28071
71.31
69.99109
68.5084
68.7231
70.14021
71.31
75.84181
77.03497
78.27911
79.64409
81.1631
82.85619
84.39
84.39
88.05601
89.93698
91.548
92.11935
93.22643
94.05041
94.24243
94.51607
95.51446
97.02245
98.63442
100.1807
100.26
100.26
104.7752
105.3412
106.0502
106.9154
107.7846
108.3736
108.8805
109.3708
109.5877
110.3887
110.4704
110.8002
111.7009
111.9768
113.6144
115.4228
118.1619
119.19
119.19
119.19
118.7709
116.6873
116.0778
117.4898
118.3028
118.8517
119.19
119.19
119.19
119.19
119.19
119.19
119.19
119.19
119.19
119.19
119.19
119.19
119.19
119.19
119.19
126.6751
130.9832
135.4133
137.5948
137.3402
135.5044
132.8292
130.1781
129.3631
130.1511
130.0074
130.4577
130.9228
133.4532
136.6992
140.1571
142.14
64.9254
64.75953
64.71104
64.77262
60.3
67.47398
70.12462
70.3868
70.59534
70.48715
69.50726
68.61596
68.05609
68.67923
70.58409
71.31
71.31
75.86004
77.58771
79.21696
80.79198
82.54678
83.97439
84.39
84.39
89.0952
90.13294
91.32342
92.33985
93.19991
93.89073
94.81865
95.79262
97.30045
98.35485
99.30878
100.26
100.26
100.26
100.26
104.9754
106.0921
106.8791
107.5766
107.9749
108.2966
108.5894
108.7781
109.4329
111.2471
111.8796
112.7287
113.9731
115.7662
117.6904
118.2813
118.2395
117.6276
115.5315
114.3333
114.8064
115.3822
116.5076
117.7891
118.4816
119.19
119.19
119.19
119.19
119.19
119.19
119.19
119.19
119.19
119.0148
118.6007
119.156
119.19
126.1066
130.1868
136.0741
139.8772
140.6737
138.6427
135.6396
131.8875
129.9324
130.0439
129.4071
129.1995
129.0443
130.7706
134.1228
137.1751
141.6106
60.3
60.3
62.63072
63.10134
63.26238
64.31258
65.6284
66.85929
67.69683
68.035
68.08244
68.1404
67.57047
67.41235
67.97026
68.47227
70.52301
71.31
75.4106
77.02168
78.75838
80.04435
81.44633
83.10709
84.39
84.39
87.81871
89.18787
90.31702
91.31719
92.36259
93.16765
94.10042
95.31256
96.53087
97.37127
98.30231
99.25732
100.26
100.26
100.26
104.0976
104.9528
105.6925
106.2321
106.6743
106.7447
106.8021
107.543
109.7552
111.3757
112.1048
112.7381
114.1515
115.0219
115.9913
116.1757
115.6547
114.378
113.0997
112.7651
113.2804
114.7665
116.5525
117.1651
117.834
118.9528
119.19
119.19
119.19
119.19
119.19
119.19
119.19
117.9521
117.3941
118.2957
119.19
124.7785
129.1057
135.4272
140.1274
141.5599
140.4116
137.2622
133.1827
130.5589
129.887
128.5742
127.9969
128.244
129.8416
132.0257
134.2674
137.4251
59.56137
59.94909
60.3
60.3
60.3
60.18973
60.3
60.3
60.3
64.86898
66.83408
68.00156
66.95087
66.48717
66.42083
66.32033
67.78123
70.85348
71.31
75.01883
76.13866
77.30109
78.5269
80.04415
81.75099
83.76848
84.39
84.39
88.39812
89.53062
90.55167
91.50191
92.49465
93.48907
94.58891
95.54005
96.28738
97.44759
98.63081
99.68698
100.26
100.26
100.26
100.26
104.2932
105.1724
105.2083
104.6239
100.26
100.26
111.0017
112.0322
111.7767
111.9951
112.316
113.3156
113.5981
113.5854
112.8088
111.9477
111.7143
112.6944
112.9942
115.0067
115.4952
116.9741
118.3404
119.0945
119.19
119.19
119.19
119.19
119.19
118.6773
117.0165
116.1711
117.0317
119.19
119.19
127.9122
133.8353
137.6425
140.2641
139.7021
137.3006
133.7346
130.8262
129.3703
127.5135
126.8834
127.4652
128.8206
130.2921
132.5417
134.4307
57.61712
57.75772
58.5653
58.62034
57.58925
56.93317
56.55478
51.22
58.36229
60.3
65.59158
67.22734
66.36134
66.18976
66.41552
66.8739
67.97604
69.61437
70.66431
71.31
71.31
74.96063
76.0761
77.52587
78.89305
80.95057
82.89676
84.39
84.39
84.39
88.8675
89.83903
90.94852
91.73757
92.70477
93.5433
94.45911
95.17355
95.93226
97.19946
98.87309
99.8158
100.26
100.26
100.26
100.26
100.26
100.26
100.26
100.26
108.8062
110.3733
110.1636
109.4887
109.2858
110.2569
110.9261
111.6583
111.6693
111.2094
111.0922
111.6694
112.3353
113.2604
114.4731
116.2272
117.6372
118.8707
119.19
119.19
119.19
119.19
119.19
118.5071
116.7424
115.616
116.237
118.1142
119.19
125.9479
130.3732
133.3604
135.5171
136.2791
135.2457
132.8489
130.1264
128.4335
126.8538
126.0037
126.5206
127.505
128.8823
130.5852
131.2639
56.10741
56.29457
56.18673
55.13855
51.22
51.22
50.77507
50.79026
51.22
58.9446
64.10812
67.13205
67.29361
67.5958
66.79536
66.65461
66.74692
67.1423
67.73625
68.91669
70.69064
71.31
74.22662
75.58521
76.95052
78.63219
80.57448
82.26235
84.11071
84.39
84.39
88.15192
89.14862
90.03996
90.84181
91.41106
92.07977
92.68648
93.6458
94.87074
96.41604
97.63422
98.59947
99.48454
99.97332
100.26
100.26
100.26
100.26
100.26
106.2455
107.6134
107.6574
107.1632
106.8369
107.4126
108.5927
109.6866
110.4946
110.8704
110.8125
111.0183
111.7088
112.9108
114.9555
115.6406
116.8514
118.1423
119.19
119.19
119.19
119.19
119.19
118.6047
116.8149
115.3837
115.4984
116.8792
119.19
119.19
126.2884
119.19
130.0816
132.1092
132.1815
130.5958
128.5668
127.1874
125.981
124.9843
125.2408
126.0375
127.4716
128.4106
128.2859
54.68539
55.2295
54.61687
51.22
49.13324
43.52
43.52
43.52
48.92382
51.22
60.3
68.13827
69.73317
68.50523
66.4642
65.54494
64.82471
64.55767
60.3
60.3
68.18793
70.69783
71.31
74.00791
74.89411
76.5538
78.20396
80.21712
82.17905
83.62537
84.39
84.39
84.39
88.28889
88.84099
89.38603
89.93043
90.64775
91.55869
92.48441
93.75638
94.82556
95.79094
96.86129
97.73318
98.56693
99.43117
100.2237
100.26
100.26
100.26
105.152
104.8506
104.667
104.6594
104.9923
106.1754
107.793
109.3017
110.0964
110.5687
110.7103
111.4332
112.6161
114.3991
115.2739
115.9741
116.9769
118.776
119.19
119.19
119.19
119.19
118.7162
117.0684
115.4705
115.0159
115.9916
118.2378
119.19
119.19
124.7356
126.5152
128.6546
128.9393
127.6425
126.1742
125.2809
124.6965
124.0004
119.19
124.0215
125.2952
126.1757
125.6231
53.45441
54.50475
53.21049
50.85028
43.52
43.52
42.79093
43.52
48.11572
51.22
59.61283
66.48269
68.67461
67.58168
65.20093
60.3
60.3
60.3
60.3
60.3
66.7298
69.07675
70.64164
71.31
71.31
74.64468
76.22759
78.14272
79.92207
81.4846
82.93676
84.00549
84.39
84.39
84.39
84.39
87.79414
88.47171
89.32776
90.22576
91.36233
92.30627
93.14559
94.49908
95.74207
96.91705
97.97165
98.97302
99.96987
100.26
100.26
100.26
100.26
100.26
100.26
104.2175
104.8644
106.3088
107.9006
109.1491
109.9378
110.8356
111.4292
112.5348
113.4758
114.7259
115.4793
115.9464
117.5708
118.7771
119.036
119.19
119.19
118.6575
117.5198
116.1321
115.5405
115.7899
117.8344
119.19
119.19
119.19
124.6346
125.5582
125.4321
124.7768
123.9537
119.19
119.19
119.19
119.19
119.19
119.19
124.1787
119.19
51.22
53.29595
51.22
50.40208
43.52
43.52
42.11472
43.52
47.49197
51.22
59.09296
65.14731
66.31096
64.93271
60.3
60.3
60.3
60.3
60.3
60.3
65.46709
67.56645
69.24737
70.90125
71.31
71.31
74.42941
76.20779
77.72191
79.16338
80.68173
81.92678
82.94154
83.61599
84.17159
84.39
84.39
84.39
84.39
87.92117
88.79796
89.86272
90.93913
92.30036
93.68252
94.92345
96.1567
97.29533
98.3873
99.31255
99.49603
99.6214
100.125
100.26
100.26
100.26
100.26
104.8214
106.3823
107.9196
109.0058
110.2335
111.2751
111.9147
112.7072
113.9464
114.5588
115.412
116.5023
117.6544
118.4684
118.8344
119.19
118.5591
117.9261
116.6979
115.7823
115.5464
116.3276
117.7122
119.19
119.19
119.19
119.19
119.19
119.19
119.19
119.19
119.19
119.19
119.19
119.19
119.19
119.19
119.19
50.76506
51.22
51.22
50.13444
47.10207
43.52
43.52
43.52
50.73759
56.16036
58.49472
59.6711
60.3
60.3
60.3
60.3
60.3
60.3
60.3
60.3
63.78066
65.7966
67.82046
70.14741
70.87973
71.17221
71.31
74.34353
75.33789
76.51352
78.05112
79.09685
80.19704
81.01883
81.94105
82.88272
83.44579
84.13395
84.39
84.39
84.39
87.57515
88.77256
90.16022
91.27532
92.66451
94.17197
95.5713
96.77717
97.67651
98.25146
98.5275
98.9931
99.57598
99.22929
97.93336
100.26
104.1373
105.3648
106.5885
107.9673
109.5132
110.6928
111.139
111.647
113.0313
113.9358
114.7969
115.8745
116.2164
117.2576
118.1399
118.5519
118.4413
118.0207
117.0465
116.1717
115.3639
115.2234
116.5097
118.5467
119.19
119.19
119.19
119.19
119.19
119.19
119.1715
119.0902
119.076
118.3462
118.7903
119.19
119.19
119.19
49.08519
49.67707
49.16959
48.09369
45.93418
43.52
43.52
47.97783
50.71158
55.47861
57.88974
58.72355
58.78035
58.82524
59.25322
59.97565
60.3
60.3
60.3
60.3
62.95614
64.47133
66.2267
68.60146
69.42529
69.99512
71.04906
71.31
71.31
71.31
75.00545
76.24537
77.23806
78.2225
79.05984
79.96132
80.86693
81.7779
82.85906
83.73544
84.39
84.39
84.39
88.12926
89.42365
90.98901
92.41434
93.70094
94.76584
95.94901
96.70674
97.44242
97.75712
97.96008
97.39007
96.48795
99.06313
100.26
104.6424
106.5784
107.995
109.3744
110.6335
110.7799
111.3001
112.1215
112.8609
113.8283
114.5827
115.1372
116.2153
117.4174
117.9079
117.9814
117.8181
116.9995
115.9655
115.0476
114.7297
115.361
116.9069
118.5651
118.8639
119.19
119.0364
118.6121
117.9385
117.5621
117.7924
117.6722
116.8743
116.9586
119.0209
119.19
118.5434
47.63893
47.50816
47.23822
46.10246
43.52
43.52
43.52
48.89649
50.71989
54.51829
56.07471
56.34211
56.71375
57.09891
57.80226
59.07161
60.11352
60.3
60.3
60.3
60.3
63.63726
65.24532
67.12414
67.98144
68.6669
69.27606
69.42752
70.20478
70.90332
71.31
71.31
71.31
74.84277
75.77673
76.70343
77.81641
79.40235
80.93292
82.25955
82.58185
83.369
84.39
84.39
87.75941
89.47228
90.67019
91.85529
92.96388
94.20528
95.15987
95.95621
96.36681
96.49356
96.20946
95.12149
95.26272
98.06403
100.26
105.7801
107.6518
109.3207
110.0614
110.2359
110.6097
111.4431
112.0974
112.6681
113.7156
114.8601
115.2543
116.4825
116.8961
117.0424
117.3192
117.0553
115.7874
114.6645
114.011
114.7667
116.0834
117.115
117.7909
118.1546
117.7268
116.9765
116.404
116.0175
116.433
116.1902
115.1051
115.0944
115.6479
116.6842
115.7441
46.23012
46.04192
43.52
43.33783
41.70432
43.52
43.52
49.12122
51.22
53.1105
51.22
54.5081
54.786
55.34622
56.19128
57.48215
58.55891
59.40797
60.26183
60.3
60.3
60.3
64.52904
65.72676
66.67146
67.10172
66.98772
66.69712
67.04674
67.52261
68.52405
69.50724
70.35966
71.046
71.31
71.31
74.69376
76.64957
78.49859
80.02032
80.30886
81.25426
82.32587
84.16519
84.39
87.61008
89.06166
90.09911
91.11321
92.14627
93.12727
94.22459
94.72159
95.28577
95.40877
95.10503
92.98946
84.39
98.19671
100.26
105.7721
107.7924
108.8024
109.437
109.7451
110.4545
111.1204
112.022
112.8255
114.031
114.6383
115.7214
116.2752
116.4321
117.2047
117.0243
116.023
114.6308
113.6479
114.0561
114.8372
115.7883
116.1802
116.5332
115.9769
115.4967
114.8259
114.5295
114.83
115.1103
113.975
114.4322
115.4577
115.4386
115.0236
43.52
43.52
42.76105
40.79893
37.16
43.1818
43.52
48.96333
51.05575
51.22
51.22
51.22
51.22
53.42385
54.17112
55.0608
56.29626
57.85127
59.59137
60.3
60.3
60.3
65.50412
65.52164
64.99124
64.68035
64.10503
60.3
60.3
64.58424
65.59769
66.83418
67.18604
67.35297
67.73042
68.89935
70.66483
71.31
75.07628
76.88481
78.00067
79.41444
80.74657
82.47204
84.06792
84.39
84.39
88.20186
89.07758
90.00382
91.26135
92.56661
93.25405
94.03581
94.44645
94.93241
93.69066
92.94674
94.50394
98.10381
100.26
105.1023
107.0437
108.0438
108.6212
109.0399
109.9115
110.9971
112.1863
113.1184
114.1808
115.0031
115.4535
115.9459
115.9868
116.591
115.9759
114.7815
113.6114
113.4615
113.9688
114.5654
114.8381
115.0743
114.8824
114.2826
114.0633
113.9174
114.0885
114.6614
114.6559
113.8527
114.858
115.0659
114.8099
43.52
43.25816
41.22827
37.16
37.16
42.94745
43.52
49.11871
50.78514
51.22
51.22
51.00805
50.899
51.04217
51.22
51.22
51.22
51.22
58.64932
60.3
66.60357
68.49873
68.21207
66.31032
60.3
60.3
60.3
60.3
60.3
60.3
60.3
65.26788
64.92574
60.3
60.3
60.3
66.1804
68.97422
70.53418
71.31
75.47154
77.28802
78.74854
80.86375
82.35062
83.73531
84.39
84.39
84.39
88.12996
89.57567
90.73448
91.59119
92.50673
93.2589
94.41025
94.05231
92.92758
92.55444
94.38116
97.78317
100.26
104.8698
106.4552
107.1914
107.8105
108.5246
109.4077
110.6691
111.642
112.5028
113.4985
114.4864
115.1645
114.9688
115.691
115.4125
115.0854
114.544
112.9673
113.863
114.2237
114.0767
114.1324
114.0062
113.6708
113.871
113.9834
114.2265
114.8646
115.7079
115.5344
115.4337
115.4948
114.2093
43.02476
42.6767
40.76381
37.16
37.16
43.52
47.16468
49.29195
50.8729
51.08651
50.41834
49.67124
48.48607
48.47686
49.46288
50.33142
51.22
51.22
57.88951
60.3
68.13423
71.31
69.24436
68.53285
60.3
60.3
58.80649
55.82453
56.18525
59.00848
60.3
64.94565
63.90023
60.3
56.47312
56.23961
60.3
60.3
67.35278
69.83582
71.31
74.66518
76.34764
78.43016
80.12926
81.60019
83.24229
83.93948
84.39
84.39
84.39
88.43337
89.70454
90.96374
91.88884
92.90161
93.27293
93.49063
93.42181
93.37173
95.23706
98.49549
100.26
104.072
105.6922
106.4449
106.8657
107.4595
108.2619
109.5401
110.6635
111.8793
112.6659
113.7327
114.2319
114.9437
115.5737
115.2864
114.6301
113.1624
113.8673
113.5416
113.2449
113.2543
113.3331
113.6778
113.9421
114.2318
114.1037
114.9562
116.7968
116.5291
116.7865
117.1806
115.3671
42.2194
42.05117
40.52265
39.52672
41.38477
43.52
47.92738
49.88133
50.62818
49.87407
49.20165
43.52
43.52
46.10361
48.21668
49.36889
50.42155
51.22
57.613
60.3
68.08027
74.84843
74.90612
68.72493
65.51303
60.3
51.22
55.16507
55.67466
59.57603
60.3
66.67683
65.20283
60.3
51.22
50.63521
51.22
57.91521
60.3
67.02821
69.18036
70.62707
71.31
74.96249
76.92523
78.6111
80.57723
81.84577
83.00129
84.02046
84.39
84.39
87.77314
89.49256
90.62267
91.78783
92.31992
93.26759
94.53144
95.17582
95.72119
97.06881
99.36623
100.26
100.26
100.26
104.2549
104.7121
105.1645
106.2103
107.7941
108.531
109.6491
111.5613
113.0088
113.7306
114.309
115.0674
114.499
112.5588
112.9557
112.6833
112.7855
112.7534
113.5673
114.0173
114.5309
115.3067
115.0066
116.6345
118.3773
117.4095
118.4064
118.6602
116.5898
40.9816
41.59755
40.61613
40.23162
41.4394
43.52
47.43334
48.88351
49.32258
48.68171
43.52
45.64146
43.52
43.52
48.8088
49.93286
50.74398
51.22
58.05
60.3
67.77082
71.31
74.44994
71.31
66.06886
60.3
51.22
54.80054
51.22
60.3
65.54173
67.82059
65.85164
59.56985
51.22
48.76244
48.58679
51.22
57.78864
60.3
65.50639
67.78355
69.67426
70.75295
71.31
75.12714
77.19231
79.00227
80.57468
81.75471
82.84332
83.67761
84.39
87.64594
88.96485
90.06928
91.23994
92.28289
93.55575
95.03807
96.69967
97.98567
98.99949
99.80916
100.2169
100.26
100.26
100.26
100.26
100.26
100.26
100.26
106.6017
109.3991
111.5735
113.0644
113.3721
113.6919
114.0437
112.1608
112.33
112.9479
112.6303
112.5717
113.3899
114.1292
114.9275
115.8757
116.499
116.9546
118.1464
118.7893
119.19
119.19
117.6537
41.1585
41.38556
41.2099
41.58042
42.44069
43.52
46.16604
47.0733
47.46601
47.35184
46.60411
45.3078
45.33462
46.88125
48.46689
49.71159
51.0778
51.22
57.51073
60.17815
65.76951
67.69957
67.90386
67.43138
64.3814
59.82813
51.22
55.96674
57.59174
60.14198
65.36205
67.30929
65.58453
59.14214
51.22
48.51584
43.52
43.52
51.22
57.03909
59.55239
60.3
65.85231
67.59995
69.07978
70.87393
71.31
75.59007
77.66876
79.18507
80.41003
81.58244
83.48502
84.39
84.39
88.0947
89.44547
90.84718
92.27047
93.88945
95.59981
96.98494
97.77493
98.28722
98.54431
98.48882
97.82225
96.48418
95.56749
95.6731
97.04317
99.74696
100.26
107.1655
109.6631
111.4465
112.3373
112.0151
112.86
111.5803
110.4014
111.3092
111.7001
111.9132
112.8296
113.576
114.5853
115.8315
116.5485
116.6204
117.4874
117.465
118.2751
118.9793
118.2259
41.21637
41.15289
41.3997
42.11789
43.19736
43.52
43.52
45.59651
46.06915
46.13138
46.52164
46.58159
46.84998
47.33124
48.21096
49.18833
51.05753
51.22
55.72638
59.10592
60.28829
60.3
65.58457
64.71938
60.10669
58.67409
56.59857
56.49426
57.65667
60.0044
63.98012
66.07133
65.00052
58.96256
55.70156
48.2295
43.52
43.52
43.52
51.22
51.22
58.55783
59.98981
60.3
60.3
66.27951
69.27452
71.31
74.81894
76.95898
77.94862
79.3303
80.98558
82.69949
84.02691
84.39
84.39
88.62263
90.01701
91.92654
93.59219
95.1286
95.67127
95.8982
95.8597
95.34798
94.68741
92.19376
84.39
84.39
84.39
96.36993
100.26
104.7401
107.3856
109.4724
110.6613
110.821
110.8555
110.7936
108.6301
109.0372
110.2173
111.3081
111.9992
112.9811
113.8672
115.3149
115.4946
115.7294
115.6131
115.5939
116.7928
118.1893
118.5293
40.88643
41.35829
41.36831
42.16135
42.18291
42.88895
43.52
43.52
45.06846
45.70116
45.90602
46.16956
46.82245
47.21164
47.81493
48.88153
50.19191
51.22
51.22
56.02438
57.18624
58.89552
59.17219
58.97029
57.65571
55.96433
55.76413
56.51864
57.56872
59.0577
60.3
60.3
62.69975
60.3
56.11526
51.07398
47.41101
43.52
46.39589
49.06831
51.03051
51.22
51.22
57.07067
58.72388
60.3
60.3
68.48935
71.13618
74.55853
75.74385
77.02402
78.49384
79.87866
81.31464
82.6725
83.94502
84.39
84.39
88.70007
90.29379
91.82663
92.65209
92.96935
92.948
92.44056
91.47679
89.80241
88.81465
89.35221
91.2899
94.6776
98.90127
100.26
105.2555
107.239
108.4273
108.6987
108.9171
108.3687
107.0854
106.6319
108.2767
109.5147
110.1155
111.4931
112.2619
113.0728
113.4325
113.8007
113.7563
113.975
114.7099
116.5168
117.8387
40.22374
40.68767
41.20684
40.49671
41.58995
42.0545
43.00415
43.52
43.52
43.52
45.48656
45.88528
46.52722
47.14687
47.64399
48.39822
48.89676
49.89226
50.93376
51.22
51.22
51.22
51.22
51.22
51.22
51.22
54.29512
55.42218
57.09055
58.48723
59.50095
60.02407
59.52503
58.56311
55.83934
51.22
50.45848
49.08025
49.01426
49.37511
48.75612
47.39311
50.39235
51.22
51.22
57.73803
60.3
65.46498
69.10426
71.07177
71.31
74.89133
76.05724
77.10461
78.31712
79.54842
81.08022
82.14173
83.23367
84.24204
84.39
84.39
88.82937
89.38889
89.51683
89.24703
88.47942
84.39
84.39
84.39
89.82494
92.96172
96.79327
99.28759
100.26
104.0927
105.4112
106.0267
106.17
105.9858
105.2549
100.26
100.26
106.3383
107.6417
109.3627
110.0344
110.5384
111.0959
111.3529
112.2898
112.5688
113.0904
113.9539
115.5309
37.16
37.16
39.33
39.84641
40.41159
41.18032
42.00322
42.89322
43.36453
43.52
43.52
45.44794
46.02153
46.43796
46.8149
47.4416
47.96448
48.1499
48.64141
49.73462
49.99642
50.10935
49.27258
48.7029
49.74708
51.22
51.22
54.75899
56.62864
58.13531
58.5672
58.25591
57.70908
56.73186
55.69173
54.27302
51.22
51.22
51.22
51.22
43.52
46.62392
46.99392
47.65974
51.22
51.22
59.19073
60.3
66.28396
69.63421
70.89362
71.31
71.31
74.27703
75.11437
76.33609
77.47326
78.24128
79.31919
80.46772
81.58864
83.06067
84.02557
84.37679
84.39
84.39
84.39
84.39
84.39
84.39
88.16767
90.90104
94.1049
96.68777
98.92389
100.0081
100.26
100.26
100.26
100.26
100.26
100.26
100.26
100.26
104.9747
107.0276
108.1515
108.2213
108.8102
109.5052
110.1118
110.8361
111.5498
112.0135
113.7705
36.0302
37.07997
37.16
37.16
39.14238
39.99435
40.64525
41.69491
42.223
43.10164
43.52
43.52
45.17537
45.83214
46.1556
46.39687
46.62733
46.54239
46.60384
43.52
43.52
43.52
43.52
43.52
43.52
50.08972
51.22
55.10789
57.02846
58.33669
58.47541
57.79427
56.74354
55.88819
55.13036
54.54453
54.0908
53.88634
51.22
50.78696
48.56949
46.58102
46.40105
47.19117
50.08055
51.22
58.34583
60.3
64.87018
67.07404
68.60165
70.07178
70.98885
71.31
71.31
71.31
71.31
71.31
71.31
76.24593
77.1397
78.41225
80.0779
81.19475
81.95997
82.56748
82.59525
82.19675
83.01284
84.39
84.39
88.72453
91.27673
93.36562
95.59332
96.86726
98.24426
99.0592
99.52525
99.73901
99.92358
99.70248
99.43693
100.26
100.26
100.26
104.7074
105.5105
106.2058
106.9374
107.392
108.9029
110.4393
110.762
111.5995
34.30619
34.76916
35.53784
36.70766
37.16
37.16
39.28952
40.13233
41.2166
42.18509
43.05935
43.46976
43.52
45.2794
45.54986
45.49717
45.45052
45.20199
43.52
42.94886
37.16
37.16
40.40264
41.0273
43.52
48.87335
51.22
55.27942
57.1877
57.92709
57.72281
56.83363
55.64215
54.54213
54.17597
54.27605
54.51032
54.32016
53.57616
51.22
50.7043
43.52
46.85813
47.22874
50.29093
51.22
57.55475
60.03891
63.01006
64.99982
66.05523
67.1182
68.27772
69.02128
69.4528
70.03702
70.49442
70.94638
71.31
71.31
71.31
71.31
71.31
76.6647
77.67757
78.24337
78.69483
79.19576
80.27309
81.96038
83.94303
84.39
88.12883
89.8187
91.36126
92.86156
94.18716
95.18805
95.90067
96.79039
97.27141
97.86797
96.85542
99.13885
99.66854
100.0891
100.26
100.26
100.26
104.6718
105.5191
107.3833
109.2306
110.2287
110.459
31.7
31.7
34.20362
35.21969
35.8522
36.66089
37.16
37.16
39.28984
40.2333
41.1133
42.23763
42.90618
43.34821
43.52
43.52
43.52
43.52
42.89143
37.16
37.16
37.16
39.17094
37.16
43.52
48.20113
50.61625
55.207
56.66325
56.79918
56.3868
55.19401
54.09773
51.22
51.22
53.77384
54.24112
54.21684
53.94107
53.66768
53.16631
50.96077
49.60086
49.9303
51.22
51.22
56.94978
59.33876
60.3
62.96376
63.80139
64.32941
65.62392
66.49483
66.83516
67.09029
67.44076
67.79797
68.33296
68.95093
69.81258
70.70071
71.31
71.31
71.31
71.31
75.17438
75.86962
77.22847
79.1425
81.509
83.38797
84.3139
84.39
88.36124
88.9306
90.29037
91.35536
92.26633
93.37688
94.26391
95.20875
94.8416
94.17136
97.43742
97.94288
97.9277
98.89824
100.26
100.26
100.26
105.3205
108.496
109.1687
109.4125
27.18
30.79214
31.7
31.7
33.85649
31.7
34.9417
35.5775
36.61772
37.16
39.30607
40.40608
41.56703
42.61705
42.75827
42.81034
42.51677
41.98524
40.92049
37.16
37.16
37.16
37.16
41.78139
43.52
47.56306
49.87848
53.27621
54.4213
54.41208
51.22
51.22
51.22
51.22
51.22
51.22
53.38701
53.72688
54.03369
54.05195
54.14941
53.57734
51.22
51.22
53.28265
54.89088
56.75563
58.36409
59.86506
60.3
60.3
60.3
60.3
63.86857
64.37447
64.43402
64.72392
64.97605
65.28528
65.81538
66.61742
67.46377
68.11464
68.83346
69.18883
70.00877
71.31
71.31
71.31
75.8381
77.91769
79.88177
81.68198
82.67365
83.86113
84.39
84.39
84.39
88.65265
89.71471
90.86356
91.99194
92.60452
92.88713
92.77021
94.40131
95.08945
95.7002
97.1997
99.6039
100.26
100.26
106.8688
106.9391
107.3218
23.24
27.18
27.18
25.88225
31.7
31.7
31.7
34.13931
35.23327
36.92855
38.8416
40.04571
41.29238
41.81186
41.84854
41.84387
41.10182
40.65867
39.92203
37.16
37.16
37.16
37.16
41.59803
43.11619
46.3552
48.92673
49.83639
50.43061
50.76387
50.87285
49.87994
49.81376
49.63682
50.3828
51.22
51.22
53.05213
53.8857
54.31208
54.6749
54.67707
54.39475
54.14462
54.25858
55.05167
56.16877
57.52969
58.37934
59.67493
60.20256
60.3
60.3
60.3
60.3
60.3
60.3
60.3
60.3
60.3
63.75482
64.31365
65.11923
65.65639
66.36551
67.29395
68.50114
69.07674
70.16805
71.31
71.31
76.38968
77.74973
79.02952
79.97488
81.04276
82.13358
83.55446
84.39
84.39
84.39
88.53044
89.7523
90.11124
84.39
90.50871
92.07404
92.53651
93.8443
96.19698
98.47868
100.26
100.26
100.26
100.26
-99
-99
-99
-99
27.18
27.18
29.59132
31.7
31.7
31.7
35.69948
31.7
37.1518
37.10961
37.16
37.16
37.16
37.16
37.16
37.08419
37.16
37.16
38.97307
40.61655
42.28181
43.4253
43.52
47.2272
47.5985
47.69035
43.52
47.79031
48.17667
48.43554
48.96634
50.25284
51.14598
51.22
53.28529
53.98443
54.48319
54.68193
54.50306
54.32612
54.19374
54.7136
55.62274
56.30373
57.12461
57.81276
58.36752
58.42183
59.0143
59.16641
59.40087
59.58248
59.73307
60.25543
60.3
60.3
60.3
60.3
60.3
63.56923
64.22581
65.22873
66.13249
66.02811
66.99422
68.98927
70.27117
71.31
71.31
71.31
75.84167
76.68046
78.47798
79.70742
81.2027
82.62894
83.77544
84.36856
84.39
84.39
84.39
84.39
88.4416
89.43086
90.43015
92.69197
94.82502
97.69283
100.26
100.26
99.23883
-99
-99
-99
-99
-99
23.24
26.01701
26.8163
27.18
27.18
-99
-99
-99
31.34427
31.7
34.88395
35.19111
35.19165
35.61307
35.82756
36.04908
37.16
37.16
39.40483
40.42907
41.40852
42.41415
43.4827
43.52
43.52
45.76508
46.41786
47.02524
47.59266
48.16171
49.30286
50.39912
51.11534
51.22
51.22
53.4169
53.66251
53.79904
53.88189
53.95578
54.35409
54.92204
55.64622
56.42165
56.44171
56.89117
56.90414
57.54037
57.67394
57.37813
57.64604
57.67245
58.17368
58.74949
59.41581
59.05443
59.71398
60.3
60.3
62.5224
63.11776
60.3
60.3
64.43095
65.57518
66.67236
68.77879
70.45089
70.99294
71.31
71.31
71.31
75.85329
77.54282
78.9789
80.19144
81.49919
82.72343
83.21329
83.54861
83.37151
83.44841
84.39
84.39
84.39
90.51411
92.77625
96.20728
97.12135
94.90098
-99
-99
-99
-99
-99
-99
-99
-99
-99
-99
-99
-99
-99
-99
30.2049
30.2985
31.7
31.7
34.23583
34.65731
35.36085
35.95996
36.81141
37.16
37.16
39.59293
40.25801
41.02048
41.9352
43.1785
43.52
43.52
45.62894
46.08033
47.24524
48.41302
49.18605
50.30225
50.91703
51.22
51.22
51.22
51.22
51.22
53.34489
53.45598
54.07776
54.6941
55.01737
55.37804
55.9142
55.96325
56.40892
56.41087
55.74084
55.75406
56.10071
56.52736
56.18365
56.73466
57.29125
58.02113
59.0485
60.02357
60.3
60.3
60.3
60.3
60.3
60.3
64.83847
65.35314
66.66756
67.70457
67.74782
68.7744
70.37669
71.31
71.31
75.4502
76.94096
78.22462
79.04565
79.18037
80.15195
80.87003
80.45071
80.66946
83.11702
84.39
84.39
88.60515
90.69353
91.68668
91.30818
-99
-99
-99
-99
-99
-99
-99
-99
-99
-99
-99
-99
-99
-99
23.24
26.62898
27.18
27.18
31.7
33.42099
33.91323
34.4356
35.04252
36.02014
37.07579
37.16
37.16
39.59849
40.40221
41.76678
42.73161
43.52
43.52
43.52
46.45526
46.9832
47.88733
48.73717
49.60721
50.22121
50.88342
50.98451
51.22
51.22
51.22
51.22
51.22
53.3442
53.51737
54.10057
54.62386
54.48727
54.67117
54.59007
55.05814
54.94226
55.15789
54.82292
54.98494
55.38711
56.05884
56.93326
57.84354
59.57174
59.5933
59.9181
60.3
60.3
60.3
60.3
60.3
60.3
60.3
60.3
60.3
60.3
67.97728
68.53524
70.39127
71.31
71.31
71.31
71.31
75.91309
76.80374
78.65083
78.54464
77.55704
79.14502
81.09601
82.44198
84.04002
84.39
84.39
88.11898
-99
-99
-99
-99
-99
-99
-99
-99
-99
-99
-99
-99
-99
-99
-99
23.24
23.24
27.18
31.20212
31.7
31.7
31.7
33.90798
34.94724
35.75995
36.46829
37.16
37.16
39.79871
40.89317
41.71641
42.90923
43.52
43.52
45.44174
46.15376
46.747
47.47067
47.94561
48.49835
49.16943
49.62025
50.26808
50.30872
50.62396
50.96036
51.14253
51.22
51.22
51.22
53.26231
53.53214
53.80314
53.84562
54.2095
54.47108
54.80266
54.76821
55.20111
55.3988
55.7782
56.3164
57.04509
57.76848
58.57061
59.14503
59.77532
59.96535
60.15596
60.3
60.3
60.3
60.3
60.3
60.3
60.3
60.3
65.97665
66.84924
68.35348
69.45343
70.53374
71.31
71.31
71.31
71.31
71.31
75.11043
71.31
77.13428
79.05312
80.49625
81.45889
82.63762
84.1362
-99
-99
-99
-99
-99
-99
-99
-99
-99
-99
-99
-99
-99
-99
-99
-99
23.24
27.18
30.60143
31.5008
31.7
31.7
31.7
34.00837
34.62047
35.5125
36.69919
37.16
39.16994
40.07535
41.01083
42.07852
43.08482
43.42261
43.52
43.52
45.14569
45.75484
46.39798
47.08685
47.35752
47.98981
48.4879
48.92778
49.1041
49.5113
49.61605
50.01697
50.58998
51.0118
51.22
51.22
51.22
53.14349
53.50686
53.70043
53.95469
54.1063
54.54089
54.60576
54.83823
55.6862
56.36165
57.24797
57.73193
58.412
58.86445
59.09283
59.3703
59.52576
59.73171
59.9439
60.3
60.3
60.3
60.3
63.07272
63.83487
64.65777
65.78051
66.56034
67.42094
68.35361
69.17903
69.9337
70.59267
71.31
71.31
71.31
71.31
75.63147
76.83601
77.56861
78.19502
79.14368
-99
-99
-99
-99
-99
-99
-99
-99
-99
-99
-99
-99
-99
16.71975
19.71117
23
26.15895
29.05415
30.55723
31.2477
31.7
31.7
31.7
31.7
31.7
35.32428
36.80292
37.16
38.74635
39.80539
40.52409
41.24276
42.03118
42.41982
42.86232
42.92173
42.82524
43.26811
43.47868
43.52
45.68851
43.52
46.62443
46.81726
47.31293
47.6062
47.65711
47.97611
48.767
49.40672
49.92354
50.50254
50.91409
51.16754
51.22
51.22
51.22
51.22
51.22
51.22
53.57907
54.43901
55.24788
55.98776
56.63823
56.94008
57.22893
57.49078
57.90588
58.06475
58.14116
58.49351
58.84644
59.11977
59.08136
59.9455
60.3
60.3
60.3
63.3225
64.04543
64.74036
65.48299
66.2882
66.94585
67.63879
68.61917
69.5079
70.19152
70.80563
71.31
71.31
71.31
71.31
75.23833
-99
-99
-99
-99
-99
-99
-99
-99
-99
-99
-99
-99
-99
17.04
19.95
23.24
26.9944
29.61356
31.09643
31.68205
31.7
31.7
31.7
33.5721
34.46425
35.60676
36.64003
37.04865
37.01292
38.64634
39.65623
39.90285
40.48866
40.78713
41.0206
41.0159
41.10391
41.61045
42.23777
41.1224
42.66633
43.00925
43.41269
43.52
43.52
43.52
43.52
45.99222
46.63707
47.40075
48.13404
48.80253
49.44913
50.0675
50.53578
50.85552
51.05507
51.22
51.22
51.22
51.22
53.15197
53.90411
54.61261
54.91732
55.17956
55.49718
55.78479
56.23931
56.58705
56.69206
57.11318
57.33869
57.54016
57.71735
58.41688
59.40053
59.88601
60.3
60.3
60.3
60.3
60.3
63.69812
64.40629
65.04144
65.89039
66.80212
67.46481
68.0596
68.5703
69.55843
70.4472
70.97589
71.31
-99
-99
-99
-99
-99
-99
-99
-99
-99
-99
-99
14.14525
14.58
17
19.95
23.24
27.07915
29.89659
31.50931
31.7
31.7
31.7
31.7
33.67408
34.61392
35.00987
34.90304
35.2633
36.37978
36.84431
37.11548
37.16
38.8909
39.58942
39.69385
39.21336
39.22531
36.72375
36.55933
36.91171
37.16
41.64051
41.75428
42.22073
42.32211
42.81936
43.256
43.51624
43.52
43.52
43.52
46.47378
47.47324
48.12254
48.81545
49.26908
49.64368
50.29535
50.67101
50.90242
51.1492
51.22
51.22
51.22
53.38561
53.69287
53.77296
54.10746
54.54004
54.90906
55.22027
55.52713
55.81472
56.11465
56.76015
57.42137
57.91032
58.363
59.13427
59.64347
60.12658
60.3
60.3
60.3
60.3
62.96083
63.67724
64.4229
65.12501
65.69091
66.18034
66.60161
67.13599
67.72177
68.54329
-99
-99
-99
-99
-99
6.093277
7.200638
-99
-99
-99
-99
14.34432
17.04
19.4892
22.19668
25.24585
26.9545
29.8601
31.33202
31.7
31.7
31.7
31.7
33.38089
33.70197
31.7
-99
-99
31.7
35.68921
36.43626
36.72586
36.21527
37.16
37.16
36.67422
36.32622
31.7
31.7
31.7
36.56483
37.11593
37.16
37.16
37.16
40.12022
41.32321
41.39542
41.85315
42.69519
43.26424
43.52
43.52
43.52
46.41478
47.18201
47.634
48.33369
48.91514
49.39076
49.81089
50.25835
50.56666
50.93448
51.1526
51.22
51.22
51.22
51.22
53.20817
53.58971
53.92363
54.22988
54.52982
55.30566
55.88864
56.28933
56.68269
57.2144
57.7517
58.2618
58.84826
59.31745
59.77906
60.24844
60.3
60.3
60.3
60.3
63.30532
63.73114
64.15979
64.61696
65.1246
65.61018
-99
-99
-99
-99
-99
5.939009
6.793741
8.613029
-99
-99
12.35
14.58
16.19946
19.95
22.78576
25.45214
26.97686
29.58423
30.78588
31.7
31.7
31.7
31.7
31.22657
31.41994
27.18
-99
-99
27.18
31.7
31.7
31.13627
-99
-99
31.7
-99
31.05318
31.7
31.7
31.7
31.7
31.7
31.7
35.87588
36.06189
36.91341
37.16
37.16
39.52104
40.48114
41.07338
41.72446
42.33
43.05666
43.46899
43.52
45.69003
45.94527
46.88317
47.24932
47.80568
48.34051
48.69962
49.14142
49.48985
49.86685
50.1105
50.51273
50.91484
51.14526
51.22
51.22
51.22
51.22
53.66976
54.41622
54.78095
55.05094
55.47861
55.94955
56.422
57.01656
57.38821
57.74488
58.22944
58.59702
59.01281
59.45902
60.07622
60.3
60.3
60.3
62.55901
63.08443
63.56088
-99
-99
-99
-99
-99
6.136085
7.34998
8.68
10.46
11.95807
14.58
16.84476
17.04
19.95
22.73157
25.2979
26.8655
29.07094
30.37875
31.01609
31.7
31.2612
30.99929
30.77037
25.41637
-99
-99
-99
-99
25.24301
25.97006
-99
-99
-99
-99
-99
-99
25.62414
27.18
26.53756
-99
30.56879
31.19542
31.7
31.7
31.7
34.73973
35.98747
36.746
37.10752
37.16
37.16
37.16
40.38454
41.11755
42.10088
42.73419
43.19012
43.487
43.52
43.52
43.52
46.33516
46.85875
47.2452
47.61803
47.90955
48.38579
48.96706
49.52966
49.93151
50.32726
50.81498
51.13679
51.22
51.22
51.22
53.21348
53.74302
54.20387
54.47443
55.08279
55.4746
55.80607
56.27705
56.66519
57.06703
57.53207
58.11599
58.74594
59.43329
60.17789
60.3
60.3
60.3
-99
-99
-99
-99
-99
-99
7.891092
9.715914
11.41246
12.35
14.58
16.8787
19.21769
19.95
22.59041
23.24
26.54648
28.34493
29.46407
30.29715
30.73368
30.54022
29.95121
29.63322
27.14489
23.24
-99
-99
-99
-99
-99
-99
-99
-99
-99
-99
-99
-99
-99
-99
-99
19.95
27.18
27.18
30.01891
31.0757
31.7
31.7
31.7
34.59962
35.2728
36.1185
36.86247
37.16
37.16
37.16
40.00231
40.63177
41.01601
41.66386
42.38211
42.78603
43.08601
43.30519
43.52
43.52
43.52
43.52
46.48429
47.21818
47.87136
48.58673
48.92507
49.60691
50.05674
50.4926
50.78818
50.99799
51.20016
51.22
51.22
51.22
51.22
53.7796
54.17167
54.60759
55.13651
55.74094
56.30225
56.80263
57.68488
58.41956
59.04086
59.4221
59.54096
-99
-99
-99
-99
-99
-99
7.691634
8.68
10.46
12.35
14.58
16.63721
18.77551
19.83335
22.05085
23.18825
25.761
26.80309
27.18
28.96627
29.30435
28.95676
27.18
26.79944
26.25747
22.69319
21.7365
21.23063
-99
-99
-99
-99
-99
-99
-99
-99
-99
-99
-99
-99
18.70753
21.79274
23.24
25.31618
26.76822
27.18
27.18
30.07963
31.23745
31.662
31.7
31.7
31.7
34.43126
35.31706
35.95827
36.74773
37.0143
37.16
37.16
37.16
37.16
40.18452
40.58517
41.13248
41.57443
42.34324
42.88752
43.22203
43.52
43.52
43.52
46.63416
47.27804
47.80231
48.28603
48.73108
49.04296
49.80397
49.84924
49.81551
50.33664
50.84705
51.1124
51.22
51.22
51.22
53.7377
54.37373
54.89757
55.78537
56.48424
57.06477
57.48619
57.65314
-99
-99
-99
-99
-99
-99
7.339923
8.68
10.46
12.13956
14.20669
16.35089
17.04
19.53781
19.95
22.82282
24.6233
25.81018
26.59358
26.90936
27.18
26.79794
26.37687
25.40695
23.24
19.95
21.83815
19.95
-99
-99
-99
-99
-99
-99
-99
-99
-99
-99
-99
-99
18.52474
19.87375
19.95
22.77882
23.24
25.51107
26.42872
27.18
27.18
29.71683
30.63867
31.07981
31.44042
31.64979
31.7
31.7
31.7
31.7
31.7
34.6559
35.24352
35.80978
36.42402
36.68073
36.94744
37.16
37.16
37.16
40.30155
40.95275
41.71794
42.57354
42.82777
43.12671
43.36129
43.52
43.52
43.52
43.52
46.93999
47.23922
47.63962
48.17724
49.26631
49.7672
50.28141
50.80833
51.17447
51.22
51.22
53.62338
54.19587
54.56771
54.95545
55.29519
-99
-99
-99
-99
-99
-99
7.201073
8.68
10.30014
11.7467
13.47213
14.58
16.69783
18.4922
19.75816
21.50122
22.85826
23.24
25.30636
25.98794
25.88955
25.41037
23.24
22.71316
22.3898
22.34212
21.60317
19.95
19.95
-99
17.04
-99
-99
-99
-99
-99
-99
16.09123
16.83221
17.04
18.63217
19.00655
19.95
19.95
19.95
22.65012
23.05803
23.24
23.24
26.46596
27.18
27.18
29.62197
30.02148
30.32651
30.63211
30.82225
31.24125
31.7
31.7
31.7
31.7
31.7
31.7
31.7
31.7
34.7068
35.36291
36.29899
36.68201
36.98269
37.16
37.16
37.16
40.50198
40.84702
41.64985
42.18745
42.51979
42.97366
43.39701
43.52
43.52
43.52
46.8248
47.34556
48.11567
49.02711
49.829
50.52721
51.10247
51.22
51.22
51.22
51.22
-99
-99
-99
-99
-99
-99
6.601098
8.145509
8.68
10.46
12.35
14.27596
14.58
17.04
18.64291
19.84695
19.95
22.6296
23.01841
23.24
23.17138
22.95541
22.74335
19.95
19.95
19.95
19.74069
19.95
19.4197
19.22396
19.14804
19.11622
-99
-99
-99
-99
16.96508
17.04
17.04
18.11237
17.04
17.04
18.85687
19.14044
19.43926
19.7937
18.74911
-99
-99
19.95
23.01094
23.24
23.24
25.87526
26.13227
26.32597
26.66149
26.80989
27.18
27.18
27.18
27.18
27.18
27.18
29.75979
30.69629
31.68032
31.7
31.7
34.45617
34.69901
35.48388
36.1833
36.36592
36.37595
36.35343
37.02551
37.16
37.16
37.16
37.16
41.53588
42.37409
43.06947
43.52
43.52
43.52
46.29998
47.13707
48.22809
48.54032
48.19831
48.5302
47.50879
43.52
-99
-99
-99
-99
-99
-99
6.045955
7.476105
8.68
9.57154
11.85623
12.35
14.58
16.14814
17.04
17.04
19.46684
19.95
21.7073
21.88076
21.73841
19.95
19.95
19.95
19.23535
18.88473
18.57403
17.04
18.33305
18.39606
18.58213
18.67323
18.65613
18.14348
18.16564
18.18392
18.19767
17.83401
17.74099
17.91161
17.04
17.04
18.18936
17.04
17.04
17.04
14.58
-99
-99
-99
-99
-99
-99
19.33768
19.95
19.95
19.95
19.95
22.36249
22.71837
22.82484
22.92196
23.17652
23.24
23.24
23.24
25.67924
26.34374
27.18
27.18
27.18
29.67527
30.29422
27.18
27.18
29.78512
31.7
31.7
31.7
35.46633
36.93271
37.16
37.16
37.16
40.61726
41.48215
42.51162
43.08802
43.33978
43.52
43.52
43.52
43.52
41.94259
34.5122
-99
-99
-99
-99
-99
-99
-99
6.613176
7.602157
8.489022
10.00594
10.46
12.33807
14.45041
14.58
17.04
17.04
19.19261
19.58226
19.59431
19.51332
19.15127
17.04
16.397
18.21572
17.04
14.58
16.61409
16.57709
17.04
17.04
18.28547
18.50567
18.5772
18.51389
18.27407
18.17962
17.65557
16.98324
16.98285
16.88546
16.76455
17.04
16.37059
16.06301
14.58
12.35
11.59985
-99
-99
-99
-99
-99
-99
-99
-99
-99
-99
-99
-99
-99
-99
-99
-99
17.04
19.78053
19.95
19.95
22.07683
22.52954
22.8089
21.77892
19.95
22.05329
-99
25.7629
27.18
29.99492
30.23347
31.7
31.7
35.56126
36.54092
37.15203
37.16
37.16
37.16
40.37831
41.13382
41.69239
42.1943
41.7532
40.85062
40.44728
31.7
-99
-99
-99
-99
-99
-99
-99
-99
-99
-99
-99
-99
-99
12.30625
13.94745
14.58
15.82479
16
17.04
18.42042
17.04
17.04
14.58
14.58
14.17129
14
14
14
14.58
16.24226
16.42405
14.58
14.58
-99
-99
16.63414
-99
16.15375
16.10594
16.18616
16.17033
16.62056
16.50593
14.58
14.49927
12.35
11.76684
10.46
9.783937
-99
-99
9.238224
9.763665
9.898636
8.68
-99
-99
-99
10.46
11.02755
10.91459
10.46
10.46
9.925013
-99
-99
-99
-99
-99
-99
-99
-99
17.04
18.83396
-99
-99
-99
23.24
26.22228
27.18
29.64212
31.7
31.7
31.7
35.89283
36.77369
37.16
37.16
37.16
37.16
37.16
37.16
36.75235
35.74173
29.67052
-99
-99
-99
-99
-99
-99
-99
-99
-99
-99
-99
-99
-99
-99
-99
13.6334
13.9982
14.58
14.58
14.58
14.58
15.94193
14.58
14.39677
12.35
11.69734
12
13.20008
12.35
12.35
13.84069
15.28568
15.64745
-99
-99
-99
-99
-99
-99
-99
14.04736
15.85503
15.92775
14.27381
12.35
12.35
10.46
8.68
8.68
8.68
8.68
8.524147
7.942936
8
8
8.463309
8.68
8.68
8.68
8.68
8.68
8.68
8.68
8.68
8.68
9.126287
9.330362
9.578066
10.03617
10.25656
10.46
11.59502
12.35
12.35
-99
-99
-99
-99
-99
-99
25.28858
27.18
30.11834
31.7
31.7
31.7
31.7
31.7
31.7
31.7
31.7
31.7
31.7
31.2398
27.18
-99
-99
-99
-99
-99
-99
-99
-99
-99
-99
-99
-99
-99
-99
-99
-99
-99
-99
14.14863
12.35
-99
12.35
11.84434
12.35
12.13771
10.46
-99
-99
9.88458
-99
-99
12.35
14.06046
13.80642
-99
-99
-99
-99
-99
-99
-99
12.35
13.72075
13.70478
13.3072
12.98028
12.35
8.68
10.05153
8.68
9.866637
9.843419
8.68
8.68
8.68
8.68
8.312518
7.776266
7.417089
6.897459
6.303114
6.251607
6.170541
6.291402
6.339055
6.726611
7.19873
7.880981
8.062828
8.229669
8.104408
8.334459
8.17064
-99
-99
-99
-99
-99
-99
-99
-99
-99
-99
-99
-99
30.4847
30.79839
30.6576
-99
-99
26.92808
27.15919
26.50139
26.89361
27.18
-99
-99
-99
-99
-99
-99
-99
-99
-99
-99
-99
-99
-99
-99
-99
-99
-99
-99
-99
-99
-99
-99
11.26217
10.46
11.30103
8.68
-99
-99
-99
-99
-99
-99
-99
-99
-99
-99
-99
-99
-99
-99
-99
-99
10.46
10.46
10.3
10.3
10.20028
11.2606
11.32149
10.06352
8.68
8.68
8.68
9.716393
9.451306
8.68
8.137043
7.63377
7.255216
6.529599
6.205938
5.642382
5.348581
5.160482
4.740087
4.662765
4.710598
4.745007
-99
-99
-99
-99
-99
-99
-99
-99
-99
-99
-99
-99
-99
-99
-99
-99
-99
-99
-99
-99
-99
-99
-99
-99
-99
19.95
22.52602
-99
-99
-99
-99
-99
-99
-99
-99
-99
-99
-99
-99
-99
-99
-99
-99
-99
-99
-99
-99
-99
-99
8.68
8.68
10.12294
8.68
7.956528
7.643976
-99
-99
-99
-99
-99
-99
-99
-99
-99
-99
-99
-99
-99
-99
-99
9.769765
8.68
8.68
8.68
8.68
9.92558
11.07901
11.13072
10.46
12.35
9.917853
8.68
8.494685
7.918536
7.355653
6.971359
6.396218
5.941658
5.396383
5.02722
4.703105
4.6
-99
-99
-99
-99
-99
-99
-99
-99
-99
-99
-99
-99
-99
-99
-99
-99
-99
-99
-99
-99
-99
-99
-99
-99
-99
-99
-99
-99
-99
-99
-99
-99
-99
-99
-99
-99
-99
-99
-99
-99
-99
-99
-99
-99
-99
-99
-99
-99
-99
-99
-99
-99
8.122059
8.625893
-99
8.639634
8.04065
7.33357
6.410775
-99
-99
-99
-99
-99
-99
-99
-99
-99
-99
-99
-99
-99
-99
8.098063
7.639318
-99
8.439879
9.743528
10.20176
10.33838
10.30351
12.20833
12.35
12.35
9.926328
8.68
8.137912
7.351433
6.594212
5.951313
5.556639
4.859853
4.7
4.6
-99
-99
-99
-99
-99
-99
-99
-99
-99
-99
-99
-99
-99
-99
-99
-99
-99
-99
-99
-99
-99
-99
-99
-99
-99
-99
-99
-99
-99
-99
-99
-99
-99
-99
-99
-99
-99
-99
-99
-99
-99
-99
-99
-99
-99
-99
-99
-99
-99
-99
-99
-99
-99
-99
-99
-99
-99
7
-99
-99
-99
-99
-99
-99
-99
-99
-99
-99
-99
-99
-99
-99
-99
-99
7.5
7.2
-99
-99
5.723449
6.39054
6.752517
6.909756
7.489589
6.80115
-99
-99
6.653063
6.038761
5.720647
5.522998
5
5.5
5.3
5.1
-99
-99
-99
-99
-99
-99
-99
-99
-99
-99
-99
-99
-99
-99
-99
-99
-99
-99
-99
-99
-99
-99
-99
-99
-99
-99
-99
-99
-99
-99
-99
-99
-99
-99
-99
-99
-99
-99
-99
-99
-99
-99
-99
-99
-99
-99
-99
-99
-99
-99
-99
-99
-99
-99
-99
-99
-99
-99
7
-99
-99
-99
-99
-99
-99
-99
-99
-99
-99
-99
-99
-99
-99
-99
-99
-99
-99
-99
-99
-99
-99
-99
6.8
-99
-99
-99
-99
5.5
5.5
-99
5
5
-99
-99
-99
-99
-99
-99
-99
-99
-99
-99
-99
-99
-99
-99
-99
-99
-99
-99
-99
-99
-99
-99
-99
-99
-99
-99
-99
-99
-99
-99
-99
-99
-99
-99
-99
-99
-99
-99
-99
-99
-99
-99
-99
-99
-99
-99
-99
-99
-99
-99
-99
-99
-99
-99
-99
-99
-99
-99
-99
-99
-99
-99
-99
-99
-99
-99
-99
-99
-99
-99
-99
-99
-99
-99
-99
-99
-99
-99
-99
-99
-99
-99
-99
-99
-99
-99
-99
-99
-99
-99
5
-99
-99
-99
-99
-99
-99
-99
-99
-99
-99
-99
-99
-99
-99
-99
-99
-99
-99
-99
-99
-99
-99
-99
-99
-99
-99
-99
-99
-99
-99
-99
-99
-99
-99
-99
-99
-99
-99
-99
-99
-99
-99
-99
-99
-99
-99
-99
-99
-99
-99
-99
-99
-99
-99
-99
-99
-99
-99
-99
-99
-99
-99
-99
-99
-99
-99
-99
-99
-99
-99
-99
-99
-99
-99
-99
-99
-99
-99
-99
-99
-99
-99
-99
-99
-99
-99
-99
-99
-99
-99
-99
-99
-99
-99
-99
-99
-99
-99
-99
-99
-99
-99
-99
-99
-99
-99
-99
-99
-99
-99
-99
-99
-99
-99
-99
-99
-99
-99
-99
-99
-99
-99
-99
-99
-99
-99
-99
-99
-99
-99
-99
-99
-99
-99
-99
-99
-99
-99
-99
-99
-99
-99
-99
-99
-99
-99
-99
-99
-99
-99
-99
-99
-99
-99
-99
-99
-99
-99
-99
-99
-99
-99
-99
-99
-99
-99
-99
-99
-99
-99
-99
-99
-99
-99
-99
-99
-99
-99
-99
-99
-99
-99
-99
-99
-99
-99
-99
-99
-99
-99
-99
-99
-99
-99
-99
-99
-99
-99
-99
-99
-99
-99
-99
-99
-99
-99
-99
-99
-99
-99
-99
-99
-99
-99
-99
-99
-99
-99
-99
-99
-99
-99
-99
-99
-99
-99
-99
-99
-99
<EndGridData2D>
